%YAML:1.0
DataType: StereoCalibration
M1: !!opencv-matrix
   rows: 3
   cols: 3
   dt: d
   data: [ 9.5779507060272601e+02, 0., 6.5623724898437592e+02, 0.,
       9.5699355407878932e+02, 5.3841903131429694e+02, 0., 0., 1. ]
M2: !!opencv-matrix
   rows: 3
   cols: 3
   dt: d
   data: [ 9.5711146079688024e+02, 0., 6.4171133185322776e+02, 0.,
       9.5612071851096016e+02, 5.0287401403840317e+02, 0., 0., 1. ]
D1: !!opencv-matrix
   rows: 5
   cols: 1
   dt: d
   data: [ -3.6767934403919722e-01, 2.0338139685872125e-01,
       2.0790579046378461e-04, 4.6865669065348353e-04,
       -7.5625576691356722e-02 ]
D2: !!opencv-matrix
   rows: 5
   cols: 1
   dt: d
   data: [ -3.6699298938674063e-01, 2.0562866523336221e-01,
       2.4138503138148033e-04, -3.4025402839795864e-04,
       -7.9257770631263519e-02 ]
imageSize: [ 1278, 958 ]
R: !!opencv-matrix
   rows: 3
   cols: 3
   dt: d
   data: [ 9.9995923782953178e-01, 1.2032230488392921e-04,
       -9.0281892938086482e-03, -8.2486624071830044e-05,
       9.9999121392677692e-01, 4.1910935575158103e-03,
       9.0286142535132650e-03, -4.1901780145894426e-03,
       9.9995046203942883e-01 ]
T: !!opencv-matrix
   rows: 3
   cols: 1
   dt: d
   data: [ -3.5638806654977105e+02, -5.2120594897736860e-01,
       -2.6618852636210972e+00 ]
