%YAML:1.0
DataType: StereoCalibration
M1: !!opencv-matrix
   rows: 3
   cols: 3
   dt: d
   data: [ 9.8218419967170519e+02, 0., 6.5412473908219260e+02, 0.,
       9.8123527643795887e+02, 5.3859290346021567e+02, 0., 0., 1. ]
M2: !!opencv-matrix
   rows: 3
   cols: 3
   dt: d
   data: [ 9.7917344323148291e+02, 0., 6.2887214902503035e+02, 0.,
       9.7849626599485873e+02, 5.0184273793056991e+02, 0., 0., 1. ]
D1: !!opencv-matrix
   rows: 12
   cols: 1
   dt: d
   data: [ 2.0512702068046518e-01, 2.1790350755230109e-01,
       -1.6372449846459864e-04, 7.8141345564644344e-04,
       -2.6497464301078142e+00, 5.4158551029320667e-01,
       5.0995528389839606e-01, -3.4762517230726466e+00, 0., 0., 0., 0. ]
D2: !!opencv-matrix
   rows: 12
   cols: 1
   dt: d
   data: [ -1.3040545701198306e-01, -9.2001730862163866e-01,
       -2.4096213509635517e-04, 1.0132265998078359e-03,
       -5.3656184869424406e+00, 1.4895752971118678e-01,
       -3.7496624045228860e-01, -7.5296748400995401e+00, 0., 0., 0., 0. ]
imageSize: [ 1278, 958 ]
R: !!opencv-matrix
   rows: 3
   cols: 3
   dt: d
   data: [ 9.9999983676192361e-01, 2.9972524876032469e-05,
       5.7059422878988949e-04, -3.0331958503235639e-05,
       9.9999980113382780e-01, 6.2993037475618302e-04,
       -5.7057523471417077e-04, -6.2994757916803108e-04,
       9.9999963880490927e-01 ]
T: !!opencv-matrix
   rows: 3
   cols: 1
   dt: d
   data: [ -3.5515464309271374e+02, -6.9220283945027627e-01,
       9.1189362251572526e-01 ]
